2019/05/21	16:39
Amplitude: 0.10 V
Freq  (Hz) 	 Gain (dB)  	 Phase (deg)
  0.931             -0.002             -0.205
  1.676             -0.004             -0.087
  2.421             -0.004             -0.090
  3.912             -0.004             -0.044
  6.333             -0.003             -0.058
 10.058             -0.004             -0.052
 15.832             -0.004             -0.042
 25.146             -0.004             -0.045
 39.861             -0.004             -0.004
 63.144             -0.004              0.004
100.024             -0.005             -0.090
158.511             -0.004              0.019
251.271              0.000              0.105
398.047             -0.005              0.113
630.878             -0.005              0.222
1000.054             -0.059              0.240
1584.925             -0.006              0.530
2511.963             -0.003              0.972
3981.031             -0.001              1.589
6309.524             -0.025             -3.718
9999.983             -0.042             -7.839
15848.875             -0.241             -9.314
25118.887             -0.316            -15.909
39810.687             -0.906            -23.402
63095.801             -1.898            -29.101
100000.016             -2.869            -44.838
